1658487163821602.0
1658487163822102.0
1658487163822602.0
1658487163823102.0
1658487163823602.0
1658487163824102.0
1658487163824602.0
1658487163825102.0
1658487163825602.0
1658487163826102.0
1658487163826602.0
1658487163827102.0
1658487163827602.0
1658487163828102.0
1658487163828602.0
1658487163829102.0
1658487163829602.0
1658487163830102.0
1658487163830602.0
1658487163831102.0
1658487163831602.0
1658487163832102.0
1658487163832602.0
1658487163833102.0
1658487163833602.0
1658487163834102.0
1658487163834602.0
1658487163835102.0
1658487163835602.0
1658487163836102.0
1658487163836602.0
1658487163837102.0
1658487163837602.0
1658487163838102.0
1658487163838602.0
1658487163839102.0
1658487163839602.0
1658487163840102.0
1658487163840602.0
1658487163841102.0
1658487163841602.0
1658487163842102.0
1658487163842602.0
1658487163843102.0
1658487163843602.0
1658487163844102.0
1658487163844602.0
1658487163845102.0
1658487163845602.0
1658487163846102.0
1658487163846602.0
1658487163847102.0
1658487163847602.0
1658487163848102.0
1658487163848602.0
1658487163849102.0
1658487163849602.0
1658487163850102.0
1658487163850602.0
1658487163851102.0
1658487163851602.0
1658487163852102.0
1658487163852602.0
1658487163853102.0
1658487163853602.0
1658487163854102.0
1658487163854602.0
1658487163855102.0
1658487163855602.0
1658487163856102.0
1658487163856602.0
1658487163857102.0
1658487163857602.0
1658487163858102.0
1658487163858602.0
1658487163859102.0
1658487163859602.0
1658487163860102.0
1658487163860602.0
1658487163861102.0
1658487163861602.0
1658487163862102.0
1658487163862602.0
1658487163863102.0
1658487163863602.0
1658487163864102.0
1658487163864602.0
1658487163865102.0
1658487163865602.0
1658487163866102.0
1658487163866602.0
1658487163867102.0
1658487163867602.0
1658487163868102.0
1658487163868602.0
1658487163869102.0
1658487163869602.0
1658487163870102.0
1658487163870602.0
1658487163871102.0
1658487163871602.0
1658487163872102.0
1658487163872602.0
1658487163873102.0
1658487163873602.0
1658487163874102.0
1658487163874602.0
1658487163875102.0
1658487163875602.0
1658487163876102.0
1658487163876602.0
1658487163877102.0
1658487163877602.0
1658487163878102.0
1658487163878602.0
1658487163879102.0
1658487163879602.0
1658487163880102.0
1658487163880602.0
1658487163881102.0
1658487163881602.0
1658487163882102.0
1658487163882602.0
1658487163883102.0
1658487163883602.0
1658487163884102.0
1658487163884602.0
1658487163885102.0
1658487163885602.0
1658487163886102.0
1658487163886602.0
1658487163887102.0
1658487163887602.0
1658487163888102.0
1658487163888602.0
1658487163889102.0
1658487163889602.0
1658487163890102.0
1658487163890602.0
1658487163891102.0
1658487163891602.0
1658487163892102.0
1658487163892602.0
1658487163893102.0
1658487163893602.0
1658487163894102.0
1658487163894602.0
1658487163895102.0
1658487163895602.0
1658487163896102.0
1658487163896602.0
1658487163897102.0
1658487163897602.0
1658487163898102.0
1658487163898602.0
1658487163899102.0
1658487163899602.0
1658487163900102.0
1658487163900602.0
1658487163901102.0
1658487163901602.0
1658487163902102.0
1658487163902602.0
1658487163903102.0
1658487163903602.0
1658487163904102.0
1658487163904602.0
1658487163905102.0
1658487163905602.0
1658487163906102.0
1658487163906602.0
1658487163907102.0
1658487163907602.0
1658487163908102.0
1658487163908602.0
1658487163909102.0
1658487163909602.0
1658487163910102.0
1658487163910602.0
1658487163911102.0
1658487163911602.0
1658487163912102.0
1658487163912602.0
1658487163913102.0
1658487163913602.0
1658487163914102.0
1658487163914602.0
1658487163915102.0
1658487163915602.0
1658487163916102.0
1658487163916602.0
1658487163917102.0
1658487163917602.0
1658487163918102.0
1658487163918602.0
1658487163919102.0
1658487163919602.0
1658487163920102.0
1658487163920602.0
1658487163921102.0
1658487163921602.0
1658487163922102.0
1658487163922602.0
1658487163923102.0
1658487163923602.0
1658487163924102.0
1658487163924602.0
1658487163925102.0
1658487163925602.0
1658487163926102.0
1658487163926602.0
1658487163927102.0
1658487163927602.0
1658487163928102.0
1658487163928602.0
1658487163929102.0
1658487163929602.0
1658487163930102.0
1658487163930602.0
1658487163931102.0
1658487163931602.0
1658487163932102.0
1658487163932602.0
1658487163933102.0
1658487163933602.0
1658487163934102.0
1658487163934602.0
1658487163935102.0
1658487163935602.0
1658487163936102.0
1658487163936602.0
1658487163937102.0
1658487163937602.0
1658487163938102.0
1658487163938602.0
1658487163939102.0
1658487163939602.0
1658487163940102.0
1658487163940602.0
1658487163941102.0
1658487163941602.0
1658487163942102.0
1658487163942602.0
1658487163943102.0
1658487163943602.0
1658487163944102.0
1658487163944602.0
1658487163945102.0
1658487163945602.0
1658487163946102.0
1658487163946602.0
1658487163947102.0
1658487163947602.0
1658487163948102.0
1658487163948602.0
1658487163949102.0
1658487163949602.0
1658487163950102.0
1658487163950602.0
1658487163951102.0
1658487163951602.0
1658487163952102.0
1658487163952602.0
1658487163953102.0
1658487163953602.0
1658487163954102.0
1658487163954602.0
1658487163955102.0
1658487163955602.0
1658487163956102.0
1658487163956602.0
1658487163957102.0
1658487163957602.0
1658487163958102.0
1658487163958602.0
1658487163959102.0
1658487163959602.0
1658487163960102.0
1658487163960602.0
1658487163961102.0
1658487163961602.0
1658487163962102.0
1658487163962602.0
1658487163963102.0
1658487163963602.0
1658487163964102.0
1658487163964602.0
1658487163965102.0
1658487163965602.0
1658487163966102.0
1658487163966602.0
1658487163967102.0
1658487163967602.0
1658487163968102.0
1658487163968602.0
1658487163969102.0
1658487163969602.0
1658487163970102.0
1658487163970602.0
1658487163971102.0
1658487163971602.0
1658487163972102.0
1658487163972602.0
1658487163973102.0
1658487163973602.0
1658487163974102.0
1658487163974602.0
1658487163975102.0
1658487163975602.0
1658487163976102.0
1658487163976602.0
1658487163977102.0
1658487163977602.0
1658487163978102.0
1658487163978602.0
1658487163979102.0
1658487163979602.0
1658487163980102.0
1658487163980602.0
1658487163981102.0
1658487163981602.0
1658487163982102.0
1658487163982602.0
1658487163983102.0
1658487163983602.0
1658487163984102.0
1658487163984602.0
1658487163985102.0
1658487163985602.0
1658487163986102.0
1658487163986602.0
1658487163987102.0
1658487163987602.0
1658487163988102.0
1658487163988602.0
1658487163989102.0
1658487163989602.0
1658487163990102.0
1658487163990602.0
1658487163991102.0
1658487163991602.0
1658487163992102.0
1658487163992602.0
1658487163993102.0
1658487163993602.0
1658487163994102.0
1658487163994602.0
1658487163995102.0
1658487163995602.0
1658487163996102.0
1658487163996602.0
1658487163997102.0
1658487163997602.0
1658487163998102.0
1658487163998602.0
1658487163999102.0
1658487163999602.0
1658487164000102.0
1658487164000602.0
1658487164001102.0
1658487164001602.0
1658487164002102.0
1658487164002602.0
1658487164003102.0
1658487164003602.0
1658487164004102.0
1658487164004602.0
1658487164005102.0
1658487164005602.0
1658487164006102.0
1658487164006602.0
1658487164007102.0
1658487164007602.0
1658487164008102.0
1658487164008602.0
1658487164009102.0
1658487164009602.0
1658487164010102.0
1658487164010602.0
1658487164011102.0
1658487164011602.0
1658487164012102.0
1658487164012602.0
1658487164013102.0
1658487164013602.0
1658487164014102.0
1658487164014602.0
1658487164015102.0
1658487164015602.0
1658487164016102.0
1658487164016602.0
1658487164017102.0
1658487164017602.0
1658487164018102.0
1658487164018602.0
1658487164019102.0
1658487164019602.0
1658487164020102.0
1658487164020602.0
1658487164021102.0
1658487164021602.0
1658487164022102.0
1658487164022602.0
1658487164023102.0
1658487164023602.0
1658487164024102.0
1658487164024602.0
1658487164025102.0
1658487164025602.0
1658487164026102.0
1658487164026602.0
1658487164027102.0
1658487164027602.0
1658487164028102.0
1658487164028602.0
1658487164029102.0
1658487164029602.0
1658487164030102.0
1658487164030602.0
1658487164031102.0
1658487164031602.0
1658487164032102.0
1658487164032602.0
1658487164033102.0
1658487164033602.0
1658487164034102.0
1658487164034602.0
1658487164035102.0
1658487164035602.0
1658487164036102.0
1658487164036602.0
1658487164037102.0
1658487164037602.0
1658487164038102.0
1658487164038602.0
1658487164039102.0
1658487164039602.0
1658487164040102.0
1658487164040602.0
1658487164041102.0
1658487164041602.0
1658487164042102.0
1658487164042602.0
1658487164043102.0
1658487164043602.0
1658487164044102.0
1658487164044602.0
1658487164045102.0
1658487164045602.0
1658487164046102.0
1658487164046602.0
1658487164047102.0
1658487164047602.0
1658487164048102.0
1658487164048602.0
1658487164049102.0
1658487164049602.0
1658487164050102.0
1658487164050602.0
1658487164051102.0
1658487164051602.0
1658487164052102.0
1658487164052602.0
1658487164053102.0
1658487164053602.0
1658487164054102.0
1658487164054602.0
1658487164055102.0
1658487164055602.0
1658487164056102.0
1658487164056602.0
1658487164057102.0
1658487164057602.0
1658487164058102.0
1658487164058602.0
1658487164059102.0
1658487164059602.0
1658487164060102.0
1658487164060602.0
1658487164061102.0
1658487164061602.0
1658487164062102.0
1658487164062602.0
1658487164063102.0
1658487164063602.0
1658487164064102.0
1658487164064602.0
1658487164065102.0
1658487164065602.0
1658487164066102.0
1658487164066602.0
1658487164067102.0
1658487164067602.0
1658487164068102.0
1658487164068602.0
1658487164069102.0
1658487164069602.0
1658487164070102.0
1658487164070602.0
1658487164071102.0
1658487164071602.0
1658487164072102.0
1658487164072602.0
1658487164073102.0
1658487164073602.0
1658487164074102.0
1658487164074602.0
1658487164075102.0
1658487164075602.0
1658487164076102.0
1658487164076602.0
1658487164077102.0
1658487164077602.0
1658487164078102.0
1658487164078602.0
1658487164079102.0
1658487164079602.0
1658487164080102.0
1658487164080602.0
1658487164081102.0
1658487164081602.0
1658487164082102.0
1658487164082602.0
1658487164083102.0
1658487164083602.0
1658487164084102.0
1658487164084602.0
1658487164085102.0
1658487164085602.0
1658487164086102.0
1658487164086602.0
1658487164087102.0
1658487164087602.0
1658487164088102.0
1658487164088602.0
1658487164089102.0
1658487164089602.0
1658487164090102.0
1658487164090602.0
1658487164091102.0
1658487164091602.0
1658487164092102.0
1658487164092602.0
1658487164093102.0
1658487164093602.0
1658487164094102.0
1658487164094602.0
1658487164095102.0
1658487164095602.0
1658487164096102.0
1658487164096602.0
1658487164097102.0
1658487164097602.0
1658487164098102.0
1658487164098602.0
1658487164099102.0
1658487164099602.0
1658487164100102.0
1658487164100602.0
1658487164101102.0
1658487164101602.0
1658487164102102.0
1658487164102602.0
1658487164103102.0
1658487164103602.0
1658487164104102.0
1658487164104602.0
1658487164105102.0
1658487164105602.0
1658487164106102.0
1658487164106602.0
1658487164107102.0
1658487164107602.0
1658487164108102.0
1658487164108602.0
1658487164109102.0
1658487164109602.0
1658487164110102.0
1658487164110602.0
1658487164111102.0
1658487164111602.0
1658487164112102.0
1658487164112602.0
1658487164113102.0
1658487164113602.0
1658487164114102.0
1658487164114602.0
1658487164115102.0
1658487164115602.0
1658487164116102.0
1658487164116602.0
1658487164117102.0
1658487164117602.0
1658487164118102.0
1658487164118602.0
1658487164119102.0
1658487164119602.0
1658487164120102.0
1658487164120602.0
1658487164121102.0
1658487164121602.0
1658487164122102.0
1658487164122602.0
1658487164123102.0
1658487164123602.0
1658487164124102.0
1658487164124602.0
1658487164125102.0
1658487164125602.0
1658487164126102.0
1658487164126602.0
1658487164127102.0
1658487164127602.0
1658487164128102.0
1658487164128602.0
1658487164129102.0
1658487164129602.0
1658487164130102.0
1658487164130602.0
1658487164131102.0
1658487164131602.0
1658487164132102.0
1658487164132602.0
1658487164133102.0
1658487164133602.0
1658487164134102.0
1658487164134602.0
1658487164135102.0
1658487164135602.0
1658487164136102.0
1658487164136602.0
1658487164137102.0
1658487164137602.0
1658487164138102.0
1658487164138602.0
1658487164139102.0
1658487164139602.0
1658487164140102.0
1658487164140602.0
1658487164141102.0
1658487164141602.0
1658487164142102.0
1658487164142602.0
1658487164143102.0
1658487164143602.0
1658487164144102.0
1658487164144602.0
1658487164145102.0
1658487164145602.0
1658487164146102.0
1658487164146602.0
1658487164147102.0
1658487164147602.0
1658487164148102.0
1658487164148602.0
1658487164149102.0
1658487164149602.0
1658487164150102.0
1658487164150602.0
1658487164151102.0
1658487164151602.0
1658487164152102.0
1658487164152602.0
1658487164153102.0
1658487164153602.0
1658487164154102.0
1658487164154602.0
1658487164155102.0
1658487164155602.0
1658487164156102.0
1658487164156602.0
1658487164157102.0
1658487164157602.0
1658487164158102.0
1658487164158602.0
1658487164159102.0
1658487164159602.0
1658487164160102.0
1658487164160602.0
1658487164161102.0
1658487164161602.0
1658487164162102.0
1658487164162602.0
1658487164163102.0
1658487164163602.0
1658487164164102.0
1658487164164602.0
1658487164165102.0
1658487164165602.0
1658487164166102.0
1658487164166602.0
1658487164167102.0
1658487164167602.0
1658487164168102.0
1658487164168602.0
1658487164169102.0
1658487164169602.0
1658487164170102.0
1658487164170602.0
1658487164171102.0
1658487164171602.0
1658487164172102.0
1658487164172602.0
1658487164173102.0
1658487164173602.0
1658487164174102.0
1658487164174602.0
1658487164175102.0
1658487164175602.0
1658487164176102.0
1658487164176602.0
1658487164177102.0
1658487164177602.0
1658487164178102.0
1658487164178602.0
1658487164179102.0
1658487164179602.0
1658487164180102.0
1658487164180602.0
1658487164181102.0
1658487164181602.0
1658487164182102.0
1658487164182602.0
1658487164183102.0
1658487164183602.0
1658487164184102.0
1658487164184602.0
1658487164185102.0
1658487164185602.0
1658487164186102.0
1658487164186602.0
1658487164187102.0
1658487164187602.0
1658487164188102.0
1658487164188602.0
1658487164189102.0
1658487164189602.0
1658487164190102.0
1658487164190602.0
1658487164191102.0
1658487164191602.0
1658487164192102.0
1658487164192602.0
1658487164193102.0
1658487164193602.0
1658487164194102.0
1658487164194602.0
1658487164195102.0
1658487164195602.0
1658487164196102.0
1658487164196602.0
1658487164197102.0
1658487164197602.0
1658487164198102.0
1658487164198602.0
1658487164199102.0
1658487164199602.0
1658487164200102.0
1658487164200602.0
1658487164201102.0
1658487164201602.0
1658487164202102.0
1658487164202602.0
1658487164203102.0
1658487164203602.0
1658487164204102.0
1658487164204602.0
1658487164205102.0
1658487164205602.0
1658487164206102.0
1658487164206602.0
1658487164207102.0
1658487164207602.0
1658487164208102.0
1658487164208602.0
1658487164209102.0
1658487164209602.0
1658487164210102.0
1658487164210602.0
1658487164211102.0
1658487164211602.0
1658487164212102.0
1658487164212602.0
1658487164213102.0
1658487164213602.0
1658487164214102.0
1658487164214602.0
1658487164215102.0
1658487164215602.0
1658487164216102.0
1658487164216602.0
1658487164217102.0
1658487164217602.0
1658487164218102.0
1658487164218602.0
1658487164219102.0
1658487164219602.0
1658487164220102.0
1658487164220602.0
1658487164221102.0
1658487164221602.0
1658487164222102.0
1658487164222602.0
1658487164223102.0
1658487164223602.0
1658487164224102.0
1658487164224602.0
1658487164225102.0
1658487164225602.0
1658487164226102.0
1658487164226602.0
1658487164227102.0
1658487164227602.0
1658487164228102.0
1658487164228602.0
1658487164229102.0
1658487164229602.0
1658487164230102.0
1658487164230602.0
1658487164231102.0
1658487164231602.0
1658487164232102.0
1658487164232602.0
1658487164233102.0
1658487164233602.0
1658487164234102.0
1658487164234602.0
1658487164235102.0
1658487164235602.0
1658487164236102.0
1658487164236602.0
1658487164237102.0
1658487164237602.0
1658487164238102.0
1658487164238602.0
1658487164239102.0
1658487164239602.0
1658487164240102.0
1658487164240602.0
1658487164241102.0
1658487164241602.0
1658487164242102.0
1658487164242602.0
1658487164243102.0
1658487164243602.0
1658487164244102.0
1658487164244602.0
1658487164245102.0
1658487164245602.0
1658487164246102.0
1658487164246602.0
1658487164247102.0
1658487164247602.0
1658487164248102.0
1658487164248602.0
1658487164249102.0
1658487164249602.0
1658487164250102.0
1658487164250602.0
1658487164251102.0
1658487164251602.0
1658487164252102.0
1658487164252602.0
1658487164253102.0
1658487164253602.0
1658487164254102.0
1658487164254602.0
1658487164255102.0
1658487164255602.0
1658487164256102.0
1658487164256602.0
1658487164257102.0
1658487164257602.0
1658487164258102.0
1658487164258602.0
1658487164259102.0
1658487164259602.0
1658487164260102.0
1658487164260602.0
1658487164261102.0
1658487164261602.0
1658487164262102.0
1658487164262602.0
1658487164263102.0
1658487164263602.0
1658487164264102.0
1658487164264602.0
1658487164265102.0
1658487164265602.0
1658487164266102.0
1658487164266602.0
1658487164267102.0
1658487164267602.0
1658487164268102.0
1658487164268602.0
1658487164269102.0
1658487164269602.0
1658487164270102.0
1658487164270602.0
1658487164271102.0
1658487164271602.0
1658487164272102.0
1658487164272602.0
1658487164273102.0
1658487164273602.0
1658487164274102.0
1658487164274602.0
1658487164275102.0
1658487164275602.0
1658487164276102.0
1658487164276602.0
1658487164277102.0
1658487164277602.0
1658487164278102.0
1658487164278602.0
1658487164279102.0
1658487164279602.0
1658487164280102.0
1658487164280602.0
1658487164281102.0
1658487164281602.0
1658487164282102.0
1658487164282602.0
1658487164283102.0
1658487164283602.0
1658487164284102.0
1658487164284602.0
1658487164285102.0
1658487164285602.0
1658487164286102.0
1658487164286602.0
1658487164287102.0
1658487164287602.0
1658487164288102.0
1658487164288602.0
1658487164289102.0
1658487164289602.0
1658487164290102.0
1658487164290602.0
1658487164291102.0
1658487164291602.0
1658487164292102.0
1658487164292602.0
1658487164293102.0
1658487164293602.0
1658487164294102.0
1658487164294602.0
1658487164295102.0
1658487164295602.0
1658487164296102.0
1658487164296602.0
1658487164297102.0
1658487164297602.0
1658487164298102.0
1658487164298602.0
1658487164299102.0
1658487164299602.0
1658487164300102.0
1658487164300602.0
1658487164301102.0
1658487164301602.0
1658487164302102.0
1658487164302602.0
1658487164303102.0
1658487164303602.0
1658487164304102.0
1658487164304602.0
1658487164305102.0
1658487164305602.0
1658487164306102.0
1658487164306602.0
1658487164307102.0
1658487164307602.0
1658487164308102.0
1658487164308602.0
1658487164309102.0
1658487164309602.0
1658487164310102.0
1658487164310602.0
1658487164311102.0
1658487164311602.0
1658487164312102.0
1658487164312602.0
1658487164313102.0
1658487164313602.0
1658487164314102.0
1658487164314602.0
1658487164315102.0
1658487164315602.0
1658487164316102.0
1658487164316602.0
1658487164317102.0
1658487164317602.0
1658487164318102.0
1658487164318602.0
1658487164319102.0
1658487164319602.0
1658487164320102.0
1658487164320602.0
1658487164321102.0
1658487164321602.0
1658487164322102.0
1658487164322602.0
1658487164323102.0
1658487164323602.0
1658487164324102.0
1658487164324602.0
1658487164325102.0
1658487164325602.0
1658487164326102.0
1658487164326602.0
1658487164327102.0
1658487164327602.0
1658487164328102.0
1658487164328602.0
1658487164329102.0
1658487164329602.0
1658487164330102.0
1658487164330602.0
1658487164331102.0
1658487164331602.0
1658487164332102.0
1658487164332602.0
1658487164333102.0
1658487164333602.0
1658487164334102.0
1658487164334602.0
1658487164335102.0
1658487164335602.0
1658487164336102.0
1658487164336602.0
1658487164337102.0
1658487164337602.0
1658487164338102.0
1658487164338602.0
1658487164339102.0
1658487164339602.0
1658487164340102.0
1658487164340602.0
1658487164341102.0
1658487164341602.0
1658487164342102.0
1658487164342602.0
1658487164343102.0
1658487164343602.0
1658487164344102.0
1658487164344602.0
1658487164345102.0
1658487164345602.0
1658487164346102.0
1658487164346602.0
1658487164347102.0
1658487164347602.0
1658487164348102.0
1658487164348602.0
1658487164349102.0
1658487164349602.0
1658487164350102.0
1658487164350602.0
1658487164351102.0
1658487164351602.0
1658487164352102.0
1658487164352602.0
1658487164353102.0
1658487164353602.0
1658487164354102.0
1658487164354602.0
1658487164355102.0
1658487164355602.0
1658487164356102.0
1658487164356602.0
1658487164357102.0
1658487164357602.0
1658487164358102.0
1658487164358602.0
1658487164359102.0
1658487164359602.0
1658487164360102.0
1658487164360602.0
1658487164361102.0
1658487164361602.0
1658487164362102.0
1658487164362602.0
1658487164363102.0
1658487164363602.0
1658487164364102.0
1658487164364602.0
1658487164365102.0
1658487164365602.0
1658487164366102.0
1658487164366602.0
1658487164367102.0
1658487164367602.0
1658487164368102.0
1658487164368602.0
1658487164369102.0
1658487164369602.0
1658487164370102.0
1658487164370602.0
1658487164371102.0
1658487164371602.0
1658487164372102.0
1658487164372602.0
1658487164373102.0
1658487164373602.0
1658487164374102.0
1658487164374602.0
1658487164375102.0
1658487164375602.0
1658487164376102.0
1658487164376602.0
1658487164377102.0
1658487164377602.0
1658487164378102.0
1658487164378602.0
1658487164379102.0
1658487164379602.0
1658487164380102.0
1658487164380602.0
1658487164381102.0
1658487164381602.0
1658487164382102.0
1658487164382602.0
1658487164383102.0
1658487164383602.0
1658487164384102.0
1658487164384602.0
1658487164385102.0
1658487164385602.0
1658487164386102.0
1658487164386602.0
1658487164387102.0
1658487164387602.0
1658487164388102.0
1658487164388602.0
1658487164389102.0
1658487164389602.0
1658487164390102.0
1658487164390602.0
1658487164391102.0
1658487164391602.0
1658487164392102.0
1658487164392602.0
1658487164393102.0
1658487164393602.0
1658487164394102.0
1658487164394602.0
1658487164395102.0
1658487164395602.0
1658487164396102.0
1658487164396602.0
1658487164397102.0
1658487164397602.0
1658487164398102.0
1658487164398602.0
1658487164399102.0
1658487164399602.0
1658487164400102.0
1658487164400602.0
1658487164401102.0
1658487164401602.0
1658487164402102.0
1658487164402602.0
1658487164403102.0
1658487164403602.0
1658487164404102.0
1658487164404602.0
1658487164405102.0
1658487164405602.0
1658487164406102.0
1658487164406602.0
1658487164407102.0
1658487164407602.0
1658487164408102.0
1658487164408602.0
1658487164409102.0
1658487164409602.0
1658487164410102.0
1658487164410602.0
1658487164411102.0
1658487164411602.0
1658487164412102.0
1658487164412602.0
1658487164413102.0
1658487164413602.0
1658487164414102.0
1658487164414602.0
1658487164415102.0
1658487164415602.0
1658487164416102.0
1658487164416602.0
1658487164417102.0
1658487164417602.0
1658487164418102.0
1658487164418602.0
1658487164419102.0
1658487164419602.0
1658487164420102.0
1658487164420602.0
1658487164421102.0
1658487164421602.0
1658487164422102.0
1658487164422602.0
1658487164423102.0
1658487164423602.0
1658487164424102.0
1658487164424602.0
1658487164425102.0
1658487164425602.0
1658487164426102.0
1658487164426602.0
1658487164427102.2
1658487164427602.2
1658487164428102.2
1658487164428602.2
1658487164429102.2
1658487164429602.2
1658487164430102.2
1658487164430602.2
1658487164431102.2
1658487164431602.2
1658487164432102.2
1658487164432602.2
1658487164433102.2
1658487164433602.2
1658487164434102.2
1658487164434602.2
1658487164435102.2
1658487164435602.2
1658487164436102.2
1658487164436602.5
1658487164437102.5
1658487164437602.5
1658487164438102.5
1658487164438602.5
1658487164439102.5
1658487164439602.5
1658487164440102.5
1658487164440602.5
1658487164441102.5
1658487164441602.5
1658487164442102.5
1658487164442602.5
1658487164443102.5
1658487164443602.5
1658487164444102.5
1658487164444602.5
1658487164445102.5
1658487164445602.5
1658487164446102.5
1658487164446602.5
1658487164447102.8
1658487164447602.8
1658487164448102.8
1658487164448602.8
1658487164449102.8
1658487164449602.8
1658487164450102.8
1658487164450602.8
1658487164451102.8
1658487164451602.8
1658487164452102.8
1658487164452602.8
1658487164453102.8
1658487164453602.8
1658487164454102.8
1658487164454602.8
1658487164455102.8
1658487164455602.8
1658487164456102.8
1658487164456603.0
1658487164457103.0
1658487164457603.0
1658487164458103.0
1658487164458603.0
1658487164459103.0
1658487164459603.0
1658487164460103.0
1658487164460603.0
1658487164461103.0
1658487164461603.0
1658487164462103.0
1658487164462603.0
1658487164463103.0
1658487164463603.0
1658487164464103.0
1658487164464603.0
1658487164465103.0
1658487164465603.0
1658487164466103.0
1658487164466603.0
1658487164467103.0
1658487164467603.0
1658487164468103.0
1658487164468603.0
1658487164469103.0
1658487164469603.0
1658487164470103.0
1658487164470603.0
1658487164471103.0
1658487164471603.0
1658487164472103.0
1658487164472603.0
1658487164473103.0
1658487164473603.0
1658487164474103.0
1658487164474603.0
1658487164475103.0
1658487164475603.0
1658487164476103.0
1658487164476603.0
1658487164477103.0
1658487164477603.0
1658487164478103.0
1658487164478603.0
1658487164479103.0
1658487164479603.0
1658487164480103.0
1658487164480603.0
1658487164481103.0
1658487164481603.0
1658487164482103.0
1658487164482603.0
1658487164483103.0
1658487164483603.0
1658487164484103.0
1658487164484603.0
1658487164485103.0
1658487164485603.0
1658487164486103.0
1658487164486603.0
1658487164487103.0
1658487164487603.0
1658487164488103.0
1658487164488603.0
1658487164489103.0
1658487164489603.0
1658487164490103.0
1658487164490603.0
1658487164491103.0
1658487164491603.0
1658487164492103.0
1658487164492603.0
1658487164493103.0
1658487164493603.0
1658487164494103.0
1658487164494603.0
1658487164495103.0
1658487164495603.0
1658487164496103.0
1658487164496603.0
1658487164497103.0
1658487164497603.0
1658487164498103.0
1658487164498603.0
1658487164499103.0
1658487164499603.0
1658487164500103.0
1658487164500603.0
1658487164501103.0
1658487164501603.0
1658487164502103.0
1658487164502603.0
1658487164503103.0
1658487164503603.0
1658487164504103.0
1658487164504603.0
1658487164505103.0
1658487164505603.0
1658487164506103.0
1658487164506603.0
1658487164507103.0
1658487164507603.0
1658487164508103.0
1658487164508603.0
1658487164509103.0
1658487164509603.0
1658487164510103.0
1658487164510603.0
1658487164511103.0
1658487164511603.0
1658487164512103.0
1658487164512603.0
1658487164513103.0
1658487164513603.0
1658487164514103.0
1658487164514603.0
1658487164515103.0
1658487164515603.0
1658487164516103.0
1658487164516603.0
1658487164517103.0
1658487164517603.0
1658487164518103.0
1658487164518603.0
1658487164519103.0
1658487164519603.0
1658487164520103.0
1658487164520603.0
1658487164521103.0
1658487164521603.0
1658487164522103.0
1658487164522603.0
1658487164523103.0
1658487164523603.0
1658487164524103.0
1658487164524603.0
1658487164525103.0
1658487164525603.0
1658487164526103.0
1658487164526603.0
1658487164527103.0
1658487164527603.0
1658487164528103.0
1658487164528603.0
1658487164529103.0
1658487164529603.0
1658487164530103.0
1658487164530603.0
1658487164531103.0
1658487164531603.0
1658487164532103.0
1658487164532603.0
1658487164533103.0
1658487164533603.0
1658487164534103.0
1658487164534603.0
1658487164535103.0
1658487164535603.0
1658487164536103.0
1658487164536603.0
1658487164537103.0
1658487164537603.0
1658487164538103.0
1658487164538603.0
1658487164539103.0
1658487164539603.0
1658487164540103.0
1658487164540603.0
1658487164541103.0
1658487164541603.0
1658487164542103.0
1658487164542603.0
1658487164543103.0
1658487164543603.0
1658487164544103.0
1658487164544603.0
1658487164545103.0
1658487164545603.0
1658487164546103.0
1658487164546603.0
1658487164547103.0
1658487164547603.0
1658487164548103.0
1658487164548603.0
1658487164549103.0
1658487164549603.0
1658487164550103.0
1658487164550603.0
1658487164551103.0
1658487164551603.0
1658487164552103.0
1658487164552603.0
1658487164553103.0
1658487164553603.0
1658487164554103.0
1658487164554603.0
1658487164555103.0
1658487164555603.0
1658487164556103.0
1658487164556603.0
1658487164557103.0
1658487164557603.0
1658487164558103.0
1658487164558603.0
1658487164559103.0
1658487164559603.0
1658487164560103.0
1658487164560603.0
1658487164561103.0
1658487164561603.0
1658487164562103.0
1658487164562603.0
1658487164563103.0
1658487164563603.0
1658487164564103.0
1658487164564603.0
1658487164565103.0
1658487164565603.0
1658487164566103.0
1658487164566603.0
1658487164567103.0
1658487164567603.0
1658487164568103.0
1658487164568603.0
1658487164569103.0
1658487164569603.0
1658487164570103.0
1658487164570603.0
1658487164571103.0
1658487164571603.0
1658487164572103.0
1658487164572603.0
1658487164573103.0
1658487164573603.0
1658487164574103.0
1658487164574603.0
1658487164575103.0
1658487164575603.0
1658487164576103.0
1658487164576603.0
1658487164577103.0
1658487164577603.0
1658487164578103.0
1658487164578603.0
1658487164579103.0
1658487164579603.0
1658487164580103.0
1658487164580603.0
1658487164581103.0
1658487164581603.0
1658487164582103.0
1658487164582603.0
1658487164583103.0
1658487164583603.0
1658487164584103.0
1658487164584603.0
1658487164585103.0
1658487164585603.0
1658487164586103.0
1658487164586603.0
1658487164587103.0
1658487164587603.0
1658487164588103.0
1658487164588603.0
1658487164589103.0
1658487164589603.0
1658487164590103.0
1658487164590603.0
1658487164591103.0
1658487164591603.0
1658487164592103.0
1658487164592603.0
1658487164593103.0
1658487164593603.0
1658487164594103.0
1658487164594603.0
1658487164595103.0
1658487164595603.0
1658487164596103.0
1658487164596603.0
1658487164597103.0
1658487164597603.0
1658487164598103.0
1658487164598603.0
1658487164599103.0
1658487164599603.0
1658487164600103.0
1658487164600603.0
1658487164601103.0
1658487164601603.0
1658487164602103.0
1658487164602603.0
1658487164603103.0
1658487164603603.0
1658487164604103.0
1658487164604603.0
1658487164605103.0
1658487164605603.0
1658487164606103.0
1658487164606603.0
1658487164607103.0
1658487164607603.0
1658487164608103.0
1658487164608603.0
1658487164609103.0
1658487164609603.0
1658487164610103.0
1658487164610603.0
1658487164611103.0
1658487164611603.0
1658487164612103.0
1658487164612603.0
1658487164613103.0
1658487164613603.0
1658487164614103.0
1658487164614603.0
1658487164615103.0
1658487164615603.0
1658487164616103.0
1658487164616603.0
1658487164617103.0
1658487164617603.0
1658487164618103.0
1658487164618603.0
1658487164619103.0
1658487164619603.0
1658487164620103.0
1658487164620603.0
1658487164621103.0
1658487164621603.0
1658487164622103.0
1658487164622603.0
1658487164623103.0
1658487164623603.0
1658487164624103.0
1658487164624603.0
1658487164625103.0
1658487164625603.0
1658487164626103.0
1658487164626603.0
1658487164627103.0
1658487164627603.0
1658487164628103.0
1658487164628603.0
1658487164629103.0
1658487164629603.0
1658487164630103.0
1658487164630603.0
1658487164631103.0
1658487164631603.0
1658487164632103.0
1658487164632603.0
1658487164633103.0
1658487164633603.0
1658487164634103.0
1658487164634603.0
1658487164635103.0
1658487164635603.0
1658487164636103.0
1658487164636603.0
1658487164637103.0
1658487164637603.0
1658487164638103.0
1658487164638603.0
1658487164639103.0
1658487164639603.0
1658487164640103.0
1658487164640603.0
1658487164641103.0
1658487164641603.0
1658487164642103.0
1658487164642603.0
1658487164643103.0
1658487164643603.0
1658487164644103.0
1658487164644603.0
1658487164645103.0
1658487164645603.0
1658487164646103.0
1658487164646603.0
1658487164647103.0
1658487164647603.0
1658487164648103.0
1658487164648603.0
1658487164649103.0
1658487164649603.0
1658487164650103.0
1658487164650603.0
1658487164651103.0
1658487164651603.0
1658487164652103.0
1658487164652603.0
1658487164653103.0
1658487164653603.0
1658487164654103.0
1658487164654603.0
1658487164655103.0
1658487164655603.0
1658487164656103.0
1658487164656603.0
1658487164657103.0
1658487164657603.0
1658487164658103.0
1658487164658603.0
1658487164659103.0
1658487164659603.0
1658487164660103.0
1658487164660603.0
1658487164661103.0
1658487164661603.0
1658487164662103.0
1658487164662603.0
1658487164663103.0
1658487164663603.0
1658487164664103.0
1658487164664603.0
1658487164665103.0
1658487164665603.0
1658487164666103.0
1658487164666603.0
1658487164667103.0
1658487164667603.0
1658487164668103.0
1658487164668603.0
1658487164669103.0
1658487164669603.0
1658487164670103.0
1658487164670603.0
1658487164671103.0
1658487164671603.0
1658487164672103.0
1658487164672603.0
1658487164673103.0
1658487164673603.0
1658487164674103.0
1658487164674603.0
1658487164675103.0
1658487164675603.0
1658487164676103.0
1658487164676603.0
1658487164677103.0
1658487164677603.0
1658487164678103.0
1658487164678603.0
1658487164679103.0
1658487164679603.0
1658487164680103.0
1658487164680603.0
1658487164681103.0
1658487164681603.0
1658487164682103.0
1658487164682603.0
1658487164683103.0
1658487164683603.0
1658487164684103.0
1658487164684603.0
1658487164685103.0
1658487164685603.0
1658487164686103.0
1658487164686603.0
1658487164687103.0
1658487164687603.0
1658487164688103.0
1658487164688603.0
1658487164689103.0
1658487164689603.0
1658487164690103.0
1658487164690603.0
1658487164691103.0
1658487164691603.0
1658487164692103.0
1658487164692603.0
1658487164693103.0
1658487164693603.0
1658487164694103.0
1658487164694603.0
1658487164695103.0
1658487164695603.0
1658487164696103.0
1658487164696603.0
1658487164697103.0
1658487164697603.0
1658487164698103.0
1658487164698603.0
1658487164699103.0
1658487164699603.0
1658487164700103.0
1658487164700603.0
1658487164701103.0
1658487164701603.0
1658487164702103.0
1658487164702603.0
1658487164703103.0
1658487164703603.0
1658487164704103.0
1658487164704603.0
1658487164705103.0
1658487164705603.0
1658487164706103.0
1658487164706603.0
1658487164707103.0
1658487164707603.0
1658487164708103.0
1658487164708603.0
1658487164709103.0
1658487164709603.0
1658487164710103.0
1658487164710603.0
1658487164711103.0
1658487164711603.0
1658487164712103.0
1658487164712603.0
1658487164713103.0
1658487164713603.0
1658487164714103.0
1658487164714603.0
1658487164715103.0
1658487164715603.0
1658487164716103.0
1658487164716603.0
1658487164717103.0
1658487164717603.0
1658487164718103.0
1658487164718603.0
1658487164719103.0
1658487164719603.0
1658487164720103.0
1658487164720603.0
1658487164721103.0
1658487164721603.0
1658487164722103.0
1658487164722603.0
1658487164723103.0
1658487164723603.0
1658487164724103.0
1658487164724603.0
1658487164725103.0
1658487164725603.0
1658487164726103.0
1658487164726603.0
1658487164727103.0
1658487164727603.0
1658487164728103.0
1658487164728603.0
1658487164729103.0
1658487164729603.0
1658487164730103.0
1658487164730603.0
1658487164731103.0
1658487164731603.0
1658487164732103.0
1658487164732603.0
1658487164733103.0
1658487164733603.0
1658487164734103.0
1658487164734603.0
1658487164735103.0
1658487164735603.0
1658487164736103.0
1658487164736603.0
1658487164737103.0
1658487164737603.0
1658487164738103.0
1658487164738603.0
1658487164739103.0
1658487164739603.0
1658487164740103.0
1658487164740603.0
1658487164741103.0
1658487164741603.0
1658487164742103.0
1658487164742603.0
1658487164743103.0
1658487164743603.0
1658487164744103.0
1658487164744603.0
1658487164745103.0
1658487164745603.0
1658487164746103.0
1658487164746603.0
1658487164747103.0
1658487164747603.0
1658487164748103.0
1658487164748603.0
1658487164749103.0
1658487164749603.0
1658487164750103.0
1658487164750603.0
1658487164751103.0
1658487164751603.0
1658487164752103.0
1658487164752603.0
1658487164753103.0
1658487164753603.0
1658487164754103.0
1658487164754603.0
1658487164755103.0
1658487164755603.0
1658487164756103.0
1658487164756603.0
1658487164757103.0
1658487164757603.0
1658487164758103.0
1658487164758603.0
1658487164759103.0
1658487164759603.0
1658487164760103.0
1658487164760603.0
1658487164761103.0
1658487164761603.0
1658487164762103.0
1658487164762603.0
1658487164763103.0
1658487164763603.0
1658487164764103.0
1658487164764603.0
1658487164765103.0
1658487164765603.0
1658487164766103.0
1658487164766603.0
1658487164767103.0
1658487164767603.0
1658487164768103.0
1658487164768603.0
1658487164769103.0
1658487164769603.0
1658487164770103.0
1658487164770603.0
1658487164771103.0
1658487164771603.0
1658487164772103.0
1658487164772603.0
1658487164773103.0
1658487164773603.0
1658487164774103.0
1658487164774603.0
1658487164775103.0
1658487164775603.0
1658487164776103.0
1658487164776603.0
1658487164777103.0
1658487164777603.0
1658487164778103.0
1658487164778603.0
1658487164779103.0
1658487164779603.0
1658487164780103.0
1658487164780603.0
1658487164781103.0
1658487164781603.0
1658487164782103.0
1658487164782603.0
1658487164783103.0
1658487164783603.0
1658487164784103.0
1658487164784603.0
1658487164785103.0
1658487164785603.0
1658487164786103.0
1658487164786603.0
1658487164787103.0
1658487164787603.0
1658487164788103.0
1658487164788603.0
1658487164789103.0
1658487164789603.0
1658487164790103.0
1658487164790603.0
1658487164791103.0
1658487164791603.0
1658487164792103.0
1658487164792603.0
1658487164793103.0
1658487164793603.0
1658487164794103.0
1658487164794603.0
1658487164795103.0
1658487164795603.0
1658487164796103.0
1658487164796603.0
1658487164797103.0
1658487164797603.0
1658487164798103.0
1658487164798603.0
1658487164799103.0
1658487164799603.0
1658487164800103.0
1658487164800603.0
1658487164801103.0
1658487164801603.0
1658487164802103.0
1658487164802603.0
1658487164803103.0
1658487164803603.0
1658487164804103.0
1658487164804603.0
1658487164805103.0
1658487164805603.0
1658487164806103.0
1658487164806603.0
1658487164807103.0
1658487164807603.0
1658487164808103.0
1658487164808603.0
1658487164809103.0
1658487164809603.0
1658487164810103.0
1658487164810603.0
1658487164811103.0
1658487164811603.0
1658487164812103.0
1658487164812603.0
1658487164813103.0
1658487164813603.0
1658487164814103.0
1658487164814603.0
1658487164815103.0
1658487164815603.0
1658487164816103.0
1658487164816603.0
1658487164817103.0
1658487164817603.0
1658487164818103.0
1658487164818603.0
1658487164819103.0
1658487164819603.0
1658487164820103.0
1658487164820603.0
1658487164821103.0
1658487164821603.0
1658487164822103.0
1658487164822603.0
1658487164823103.0
1658487164823603.0
1658487164824103.0
1658487164824603.0
1658487164825103.0
1658487164825603.0
1658487164826103.0
1658487164826603.0
1658487164827103.0
1658487164827603.0
1658487164828103.0
1658487164828603.0
1658487164829103.0
1658487164829603.0
1658487164830103.0
1658487164830603.0
1658487164831103.0
1658487164831603.0
1658487164832103.0
1658487164832603.0
1658487164833103.0
1658487164833603.0
1658487164834103.0
1658487164834603.0
1658487164835103.0
1658487164835603.0
1658487164836103.0
1658487164836603.0
1658487164837103.0
1658487164837603.0
1658487164838103.0
1658487164838603.0
1658487164839103.0
1658487164839603.0
1658487164840103.0
1658487164840603.0
1658487164841103.0
1658487164841603.0
1658487164842103.0
1658487164842603.0
1658487164843103.0
1658487164843603.0
1658487164844103.0
1658487164844603.0
1658487164845103.0
1658487164845603.0
1658487164846103.0
1658487164846603.0
1658487164847103.0
1658487164847603.0
1658487164848103.0
1658487164848603.0
1658487164849103.0
1658487164849603.0
1658487164850103.0
1658487164850603.0
1658487164851103.0
1658487164851603.0
1658487164852103.0
1658487164852603.0
1658487164853103.0
1658487164853603.0
1658487164854103.0
1658487164854603.0
1658487164855103.0
1658487164855603.0
1658487164856103.0
1658487164856603.0
1658487164857103.0
1658487164857603.0
1658487164858103.0
1658487164858603.0
1658487164859103.0
1658487164859603.0
1658487164860103.0
1658487164860603.0
1658487164861103.0
1658487164861603.0
1658487164862103.0
1658487164862603.0
1658487164863103.0
1658487164863603.0
1658487164864103.0
1658487164864603.0
1658487164865103.0
1658487164865603.0
1658487164866103.0
1658487164866603.0
1658487164867103.0
1658487164867603.0
1658487164868103.0
1658487164868603.0
1658487164869103.0
1658487164869603.0
1658487164870103.0
1658487164870603.0
1658487164871103.0
1658487164871603.0
1658487164872103.0
1658487164872603.0
1658487164873103.0
1658487164873603.0
1658487164874103.0
1658487164874603.0
1658487164875103.0
1658487164875603.0
1658487164876103.0
1658487164876603.0
1658487164877103.0
1658487164877603.0
1658487164878103.0
1658487164878603.0
1658487164879103.0
1658487164879603.0
1658487164880103.0
1658487164880603.0
1658487164881103.0
1658487164881603.0
1658487164882103.0
1658487164882603.0
1658487164883103.0
1658487164883603.0
1658487164884103.0
1658487164884603.0
1658487164885103.0
1658487164885603.0
1658487164886103.0
1658487164886603.0
1658487164887103.0
1658487164887603.0
1658487164888103.0
1658487164888603.0
1658487164889103.0
1658487164889603.0
1658487164890103.0
1658487164890603.0
1658487164891103.0
1658487164891603.0
1658487164892103.0
1658487164892603.0
1658487164893103.0
1658487164893603.0
1658487164894103.0
1658487164894603.0
1658487164895103.0
1658487164895603.0
1658487164896103.0
1658487164896603.0
1658487164897103.0
1658487164897603.0
1658487164898103.0
1658487164898603.0
1658487164899103.0
1658487164899603.0
1658487164900103.0
1658487164900603.0
1658487164901103.0
1658487164901603.0
1658487164902103.0
1658487164902603.0
1658487164903103.0
1658487164903603.0
1658487164904103.0
1658487164904603.0
1658487164905103.0
1658487164905603.0
1658487164906103.0
1658487164906603.0
1658487164907103.0
1658487164907603.0
1658487164908103.0
1658487164908603.0
1658487164909103.0
1658487164909603.0
1658487164910103.0
1658487164910603.0
1658487164911103.0
1658487164911603.0
1658487164912103.0
1658487164912603.0
1658487164913103.0
1658487164913603.0
1658487164914103.0
1658487164914603.0
1658487164915103.0
1658487164915603.0
1658487164916103.0
1658487164916603.0
1658487164917103.0
1658487164917603.0
1658487164918103.0
1658487164918603.0
1658487164919103.0
1658487164919603.0
1658487164920103.0
1658487164920603.0
1658487164921103.0
1658487164921603.0
1658487164922103.0
1658487164922603.0
1658487164923103.0
1658487164923603.0
1658487164924103.0
1658487164924603.0
1658487164925103.0
1658487164925603.0
1658487164926103.0
1658487164926603.0
1658487164927103.0
1658487164927603.0
1658487164928103.0
1658487164928603.0
1658487164929103.0
1658487164929603.0
1658487164930103.0
1658487164930603.0
1658487164931103.0
1658487164931603.0
1658487164932103.0
1658487164932603.0
1658487164933103.0
1658487164933603.0
1658487164934103.0
1658487164934603.0
1658487164935103.0
1658487164935603.0
1658487164936103.0
1658487164936603.0
1658487164937103.0
1658487164937603.0
1658487164938103.0
1658487164938603.0
1658487164939103.0
1658487164939603.0
1658487164940103.0
1658487164940603.0
1658487164941103.0
1658487164941603.0
1658487164942103.0
1658487164942603.0
1658487164943103.0
1658487164943603.0
1658487164944103.0
1658487164944603.0
1658487164945103.0
1658487164945603.0
1658487164946103.0
1658487164946603.0
1658487164947103.0
1658487164947603.0
1658487164948103.0
1658487164948603.0
1658487164949103.0
1658487164949603.0
1658487164950103.0
1658487164950603.0
1658487164951103.0
1658487164951603.0
1658487164952103.0
1658487164952603.0
1658487164953103.0
1658487164953603.0
1658487164954103.0
1658487164954603.0
1658487164955103.0
1658487164955603.0
1658487164956103.0
1658487164956603.0
1658487164957103.0
1658487164957603.0
1658487164958103.0
1658487164958603.0
1658487164959103.0
1658487164959603.0
1658487164960103.0
1658487164960603.0
1658487164961103.0
1658487164961603.0
1658487164962103.0
1658487164962603.0
1658487164963103.0
1658487164963603.0
1658487164964103.0
1658487164964603.0
1658487164965103.0
1658487164965603.0
1658487164966103.0
1658487164966603.0
1658487164967103.0
1658487164967603.0
1658487164968103.0
1658487164968603.0
1658487164969103.0
1658487164969603.0
1658487164970103.0
1658487164970603.0
1658487164971103.0
1658487164971603.0
1658487164972103.0
1658487164972603.0
1658487164973103.0
1658487164973603.0
1658487164974103.0
1658487164974603.0
1658487164975103.0
1658487164975603.0
1658487164976103.0
1658487164976603.0
1658487164977103.0
1658487164977603.0
1658487164978103.0
1658487164978603.0
1658487164979103.0
1658487164979603.0
1658487164980103.0
1658487164980603.0
1658487164981103.0
1658487164981603.0
1658487164982103.0
1658487164982603.0
1658487164983103.0
1658487164983603.0
1658487164984103.0
1658487164984603.0
1658487164985103.0
1658487164985603.0
1658487164986103.0
1658487164986603.0
1658487164987103.0
1658487164987603.0
1658487164988103.0
1658487164988603.0
1658487164989103.0
1658487164989603.0
1658487164990103.0
1658487164990603.0
1658487164991103.0
1658487164991603.0
1658487164992103.0
1658487164992603.0
1658487164993103.0
1658487164993603.0
1658487164994103.0
1658487164994603.0
1658487164995103.0
1658487164995603.0
1658487164996103.0
1658487164996603.0
1658487164997103.0
1658487164997603.0
1658487164998103.0
1658487164998603.0
1658487164999103.0
1658487164999603.0
1658487165000103.0
1658487165000603.0
1658487165001103.0
1658487165001603.0
1658487165002103.0
1658487165002603.0
1658487165003103.0
1658487165003603.0
1658487165004103.0
1658487165004603.0
1658487165005103.0
1658487165005603.0
1658487165006103.0
1658487165006603.0
1658487165007103.0
1658487165007603.0
1658487165008103.0
1658487165008603.0
1658487165009103.0
1658487165009603.0
1658487165010103.0
1658487165010603.0
1658487165011103.0
1658487165011603.0
1658487165012103.0
1658487165012603.0
1658487165013103.0
1658487165013603.0
1658487165014103.0
1658487165014603.0
1658487165015103.0
1658487165015603.0
1658487165016103.0
1658487165016603.0
1658487165017103.0
1658487165017603.0
1658487165018103.0
1658487165018603.0
1658487165019103.0
1658487165019603.0
1658487165020103.0
1658487165020603.0
1658487165021103.0
1658487165021603.0
1658487165022103.0
1658487165022603.0
1658487165023103.0
1658487165023603.0
1658487165024103.0
1658487165024603.0
1658487165025103.0
1658487165025603.0
1658487165026103.0
1658487165026603.0
1658487165027103.0
1658487165027603.0
1658487165028103.0
1658487165028603.0
1658487165029103.0
1658487165029603.0
1658487165030103.0
1658487165030603.0
1658487165031103.0
1658487165031603.0
1658487165032103.0
1658487165032603.0
1658487165033103.0
1658487165033603.0
1658487165034103.0
1658487165034603.0
1658487165035103.0
1658487165035603.0
1658487165036103.0
1658487165036603.0
1658487165037103.0
1658487165037603.0
1658487165038103.0
1658487165038603.0
1658487165039103.0
1658487165039603.0
1658487165040103.0
1658487165040603.0
1658487165041103.0
1658487165041603.0
1658487165042103.0
1658487165042603.0
1658487165043103.0
1658487165043603.0
1658487165044103.0
1658487165044603.0
1658487165045103.0
1658487165045603.0
1658487165046103.0
1658487165046603.0
1658487165047103.0
1658487165047603.0
1658487165048103.0
1658487165048603.0
1658487165049103.0
1658487165049603.0
1658487165050103.0
1658487165050603.0
1658487165051103.0
1658487165051603.0
1658487165052103.0
1658487165052603.0
1658487165053103.0
1658487165053603.0
1658487165054103.0
1658487165054603.0
1658487165055103.0
1658487165055603.0
1658487165056103.0
1658487165056603.0
1658487165057103.0
1658487165057603.0
1658487165058103.0
1658487165058603.0
1658487165059103.0
1658487165059603.0
1658487165060103.0
1658487165060603.0
1658487165061103.0
1658487165061603.0
1658487165062103.0
1658487165062603.0
1658487165063103.0
1658487165063603.0
1658487165064103.0
1658487165064603.0
1658487165065103.0
1658487165065603.0
1658487165066103.0
1658487165066603.0
1658487165067103.0
1658487165067603.0
1658487165068103.0
1658487165068603.0
1658487165069103.0
1658487165069603.0
1658487165070103.0
1658487165070603.0
1658487165071103.0
1658487165071603.0
1658487165072103.0
1658487165072603.0
1658487165073103.0
1658487165073603.0
1658487165074103.0
1658487165074603.0
1658487165075103.0
1658487165075603.0
1658487165076103.0
1658487165076603.0
1658487165077103.0
1658487165077603.0
1658487165078103.0
1658487165078603.0
1658487165079103.0
1658487165079603.0
1658487165080103.0
1658487165080603.0
1658487165081103.0
1658487165081603.0
1658487165082103.0
1658487165082603.0
1658487165083103.0
1658487165083603.0
1658487165084103.0
1658487165084603.0
1658487165085103.0
1658487165085603.0
1658487165086103.0
1658487165086603.0
1658487165087103.0
1658487165087603.0
1658487165088103.0
1658487165088603.0
1658487165089103.0
1658487165089603.0
1658487165090103.0
1658487165090603.0
1658487165091103.0
1658487165091603.0
1658487165092103.0
1658487165092603.0
1658487165093103.0
1658487165093603.0
1658487165094103.0
1658487165094603.0
1658487165095103.0
1658487165095603.0
1658487165096103.0
1658487165096603.0
1658487165097103.0
1658487165097603.0
1658487165098103.0
1658487165098603.0
1658487165099103.0
1658487165099603.0
1658487165100103.0
1658487165100603.0
1658487165101103.0
1658487165101603.0
1658487165102103.0
1658487165102603.0
1658487165103103.0
1658487165103603.0
1658487165104103.0
1658487165104603.0
1658487165105103.0
1658487165105603.0
1658487165106103.0
1658487165106603.0
1658487165107103.0
1658487165107603.0
1658487165108103.0
1658487165108603.0
1658487165109103.0
1658487165109603.0
1658487165110103.0
1658487165110603.0
1658487165111103.0
1658487165111603.0
1658487165112103.0
1658487165112603.0
1658487165113103.0
1658487165113603.0
1658487165114103.0
1658487165114603.0
1658487165115103.0
1658487165115603.0
1658487165116103.0
1658487165116603.0
1658487165117103.0
1658487165117603.0
1658487165118103.0
1658487165118603.0
1658487165119103.0
1658487165119603.0
1658487165120103.0
1658487165120603.0
1658487165121103.0
1658487165121603.0
1658487165122103.0
1658487165122603.0
1658487165123103.0
1658487165123603.0
1658487165124103.0
1658487165124603.0
1658487165125103.0
1658487165125603.0
1658487165126103.0
1658487165126603.0
1658487165127103.0
1658487165127603.0
1658487165128103.0
1658487165128603.0
1658487165129103.0
1658487165129603.0
1658487165130103.0
1658487165130603.0
1658487165131103.0
1658487165131603.0
1658487165132103.0
1658487165132603.0
1658487165133103.0
1658487165133603.0
1658487165134103.0
1658487165134603.0
1658487165135103.0
1658487165135603.0
1658487165136103.0
1658487165136603.0
1658487165137103.0
1658487165137603.0
1658487165138103.0
1658487165138603.0
1658487165139103.0
1658487165139603.0
1658487165140103.0
1658487165140603.0
1658487165141103.0
1658487165141603.0
1658487165142103.0
1658487165142603.0
1658487165143103.0
1658487165143603.0
1658487165144103.0
1658487165144603.0
1658487165145103.0
1658487165145603.0
1658487165146103.0
1658487165146603.0
1658487165147103.0
1658487165147603.0
1658487165148103.0
1658487165148603.0
1658487165149103.0
1658487165149603.0
1658487165150103.0
1658487165150603.0
1658487165151103.0
1658487165151603.0
1658487165152103.0
1658487165152603.0
1658487165153103.0
1658487165153603.0
1658487165154103.0
1658487165154603.0
1658487165155103.0
1658487165155603.0
1658487165156103.0
1658487165156603.0
1658487165157103.0
1658487165157603.0
1658487165158103.0
1658487165158603.0
1658487165159103.0
1658487165159603.0
1658487165160103.0
1658487165160603.0
1658487165161103.0
1658487165161603.0
1658487165162103.0
1658487165162603.0
1658487165163103.0
1658487165163603.0
1658487165164103.0
1658487165164603.0
1658487165165103.0
1658487165165603.0
1658487165166103.0
1658487165166603.0
1658487165167103.0
1658487165167603.0
1658487165168103.0
1658487165168603.0
1658487165169103.0
1658487165169603.0
1658487165170103.0
1658487165170603.0
1658487165171103.0
1658487165171603.0
1658487165172103.0
1658487165172603.0
1658487165173103.0
1658487165173603.0
1658487165174103.0
1658487165174603.0
1658487165175103.0
1658487165175603.0
1658487165176103.0
1658487165176603.0
1658487165177103.0
1658487165177603.0
1658487165178103.0
1658487165178603.0
1658487165179103.0
1658487165179603.0
1658487165180103.0
1658487165180603.0
1658487165181103.0
1658487165181603.0
1658487165182103.0
1658487165182603.0
1658487165183103.0
1658487165183603.0
1658487165184103.0
1658487165184603.0
1658487165185103.0
1658487165185603.0
1658487165186103.0
1658487165186603.0
1658487165187103.0
1658487165187603.0
1658487165188103.0
1658487165188603.0
1658487165189103.0
1658487165189603.0
1658487165190103.0
1658487165190603.0
1658487165191103.0
1658487165191603.0
1658487165192103.0
1658487165192603.0
1658487165193103.0
1658487165193603.0
1658487165194103.0
1658487165194603.0
1658487165195103.0
1658487165195603.0
1658487165196103.0
1658487165196603.0
1658487165197103.0
1658487165197603.0
1658487165198103.0
1658487165198603.0
1658487165199103.0
1658487165199603.0
1658487165200103.0
1658487165200603.0
1658487165201103.0
1658487165201603.0
1658487165202103.0
1658487165202603.0
1658487165203103.0
1658487165203603.0
1658487165204103.0
1658487165204603.0
1658487165205103.0
1658487165205603.0
1658487165206103.0
1658487165206603.0
1658487165207103.0
1658487165207603.0
1658487165208103.0
1658487165208603.0
1658487165209103.0
1658487165209603.0
1658487165210103.0
1658487165210603.0
1658487165211103.0
1658487165211603.0
1658487165212103.0
1658487165212603.0
1658487165213103.0
1658487165213603.0
1658487165214103.0
1658487165214603.0
1658487165215103.0
1658487165215603.0
1658487165216103.0
1658487165216603.0
1658487165217103.0
1658487165217603.0
1658487165218103.0
1658487165218603.0
1658487165219103.0
1658487165219603.0
1658487165220103.0
1658487165220603.0
1658487165221103.0
1658487165221603.0
1658487165222103.0
1658487165222603.0
1658487165223103.0
1658487165223603.0
1658487165224103.0
1658487165224603.0
1658487165225103.0
1658487165225603.0
1658487165226103.0
1658487165226603.0
1658487165227103.0
1658487165227603.0
1658487165228103.0
1658487165228603.0
1658487165229103.0
1658487165229603.0
1658487165230103.0
1658487165230603.0
1658487165231103.0
1658487165231603.0
1658487165232103.0
1658487165232603.0
1658487165233103.0
1658487165233603.0
1658487165234103.0
1658487165234603.0
1658487165235103.0
1658487165235603.0
1658487165236103.0
1658487165236603.0
1658487165237103.0
1658487165237603.0
1658487165238103.0
1658487165238603.0
1658487165239103.0
1658487165239603.0
1658487165240103.0
1658487165240603.0
1658487165241103.0
1658487165241603.0
1658487165242103.0
1658487165242603.0
1658487165243103.0
1658487165243603.0
1658487165244103.0
1658487165244603.0
1658487165245103.0
1658487165245603.0
1658487165246103.0
1658487165246603.0
1658487165247103.0
1658487165247603.0
1658487165248103.0
1658487165248603.0
1658487165249103.0
1658487165249603.0
1658487165250103.0
1658487165250603.0
1658487165251103.0
1658487165251603.0
1658487165252103.0
1658487165252603.0
1658487165253103.0
1658487165253603.0
1658487165254103.0
1658487165254603.0
1658487165255103.0
1658487165255603.0
1658487165256103.0
1658487165256603.0
1658487165257103.0
1658487165257603.0
1658487165258103.0
1658487165258603.0
1658487165259103.0
1658487165259603.0
1658487165260103.0
1658487165260603.0
1658487165261103.0
1658487165261603.0
1658487165262103.0
1658487165262603.0
1658487165263103.0
1658487165263603.0
1658487165264103.0
1658487165264603.0
1658487165265103.0
1658487165265603.0
1658487165266103.0
1658487165266603.0
1658487165267103.0
1658487165267603.0
1658487165268103.0
1658487165268603.0
1658487165269103.0
1658487165269603.0
1658487165270103.0
1658487165270603.0
1658487165271103.0
1658487165271603.0
1658487165272103.0
1658487165272603.0
1658487165273103.0
1658487165273603.0
1658487165274103.0
1658487165274603.0
1658487165275103.0
1658487165275603.0
1658487165276103.0
1658487165276603.0
1658487165277103.0
1658487165277603.0
1658487165278103.0
1658487165278603.0
1658487165279103.0
1658487165279603.0
1658487165280103.0
1658487165280603.0
1658487165281103.0
1658487165281603.0
1658487165282103.0
1658487165282603.0
1658487165283103.0
1658487165283603.0
1658487165284103.0
1658487165284603.0
1658487165285103.0
1658487165285603.0
1658487165286103.0
1658487165286603.0
1658487165287103.0
1658487165287603.0
1658487165288103.0
1658487165288603.0
1658487165289103.0
1658487165289603.0
1658487165290103.0
1658487165290603.0
1658487165291103.0
1658487165291603.0
1658487165292103.0
1658487165292603.0
1658487165293103.0
1658487165293603.0
1658487165294103.0
1658487165294603.0
1658487165295103.0
1658487165295603.0
1658487165296103.0
1658487165296603.0
1658487165297103.0
1658487165297603.0
1658487165298103.0
1658487165298603.0
1658487165299103.0
1658487165299603.0
1658487165300103.0
1658487165300603.0
1658487165301103.0
1658487165301603.0
1658487165302103.0
1658487165302603.0
1658487165303103.0
1658487165303603.0
1658487165304103.0
1658487165304603.0
1658487165305103.0
1658487165305603.0
1658487165306103.0
1658487165306603.0
1658487165307103.0
1658487165307603.0
1658487165308103.0
1658487165308603.0
1658487165309103.0
1658487165309603.0
1658487165310103.0
1658487165310603.0
1658487165311103.0
1658487165311603.0
1658487165312103.0
1658487165312603.0
1658487165313103.0
1658487165313603.0
1658487165314103.0
1658487165314603.0
1658487165315103.0
1658487165315603.0
1658487165316103.0
1658487165316603.0
1658487165317103.0
1658487165317603.0
1658487165318103.0
1658487165318603.0
1658487165319103.0
1658487165319603.0
1658487165320103.0
1658487165320603.0
1658487165321103.0
1658487165321603.0
1658487165322103.0
1658487165322603.0
1658487165323103.0
1658487165323603.0
1658487165324103.0
1658487165324603.0
1658487165325103.0
1658487165325603.0
1658487165326103.0
1658487165326603.0
1658487165327103.0
1658487165327603.0
1658487165328103.0
1658487165328603.0
1658487165329103.0
1658487165329603.0
1658487165330103.0
1658487165330603.0
1658487165331103.0
1658487165331603.0
1658487165332103.0
1658487165332603.0
1658487165333103.0
1658487165333603.0
1658487165334103.0
1658487165334603.0
1658487165335103.0
1658487165335603.0
1658487165336103.0
1658487165336603.0
1658487165337103.0
1658487165337603.0
1658487165338103.0
1658487165338603.0
1658487165339103.0
1658487165339603.0
1658487165340103.0
1658487165340603.0
1658487165341103.0
1658487165341603.0
1658487165342103.0
1658487165342603.0
1658487165343103.0
1658487165343603.0
1658487165344103.0
1658487165344603.0
1658487165345103.0
1658487165345603.0
1658487165346103.0
1658487165346603.0
1658487165347103.0
1658487165347603.0
1658487165348103.0
1658487165348603.0
1658487165349103.0
1658487165349603.0
1658487165350103.0
1658487165350603.0
1658487165351103.0
1658487165351603.0
1658487165352103.0
1658487165352603.0
1658487165353103.0
1658487165353603.0
1658487165354103.0
1658487165354603.0
1658487165355103.0
1658487165355603.0
1658487165356103.0
1658487165356603.0
1658487165357103.0
1658487165357603.0
1658487165358103.0
1658487165358603.0
1658487165359103.0
1658487165359603.0
1658487165360103.0
1658487165360603.0
1658487165361103.0
1658487165361603.0
1658487165362103.0
1658487165362603.0
1658487165363103.0
1658487165363603.0
1658487165364103.0
1658487165364603.0
1658487165365103.0
1658487165365603.0
1658487165366103.0
1658487165366603.0
1658487165367103.0
1658487165367603.0
1658487165368103.0
1658487165368603.0
1658487165369103.0
1658487165369603.0
1658487165370103.0
1658487165370603.0
1658487165371103.0
1658487165371603.0
1658487165372103.0
1658487165372603.0
1658487165373103.0
1658487165373603.0
1658487165374103.0
1658487165374603.0
1658487165375103.0
1658487165375603.0
1658487165376103.0
1658487165376603.0
1658487165377103.0
1658487165377603.0
1658487165378103.0
1658487165378603.0
1658487165379103.0
1658487165379603.0
1658487165380103.0
1658487165380603.0
1658487165381103.0
1658487165381603.0
1658487165382103.0
1658487165382603.0
1658487165383103.0
1658487165383603.0
1658487165384103.0
1658487165384603.0
1658487165385103.0
1658487165385603.0
1658487165386103.0
1658487165386603.0
1658487165387103.0
1658487165387603.0
1658487165388103.0
1658487165388603.0
1658487165389103.0
1658487165389603.0
1658487165390103.0
1658487165390603.0
1658487165391103.0
1658487165391603.0
1658487165392103.0
1658487165392603.0
1658487165393103.0
1658487165393603.0
1658487165394103.0
1658487165394603.0
1658487165395103.0
1658487165395603.0
1658487165396103.0
1658487165396603.0
1658487165397103.0
1658487165397603.0
1658487165398103.0
1658487165398603.0
1658487165399103.0
1658487165399603.0
1658487165400103.0
1658487165400603.0
1658487165401103.0
1658487165401603.0
1658487165402103.0
1658487165402603.0
1658487165403103.0
1658487165403603.0
1658487165404103.0
1658487165404603.0
1658487165405103.0
1658487165405603.0
1658487165406103.0
1658487165406603.0
1658487165407103.0
1658487165407603.0
1658487165408103.0
1658487165408603.0
1658487165409103.0
1658487165409603.0
1658487165410103.0
1658487165410603.0
1658487165411103.0
1658487165411603.0
1658487165412103.0
1658487165412603.0
1658487165413103.0
1658487165413603.0
1658487165414103.0
1658487165414603.0
1658487165415103.0
1658487165415603.0
1658487165416103.0
1658487165416603.0
1658487165417103.0
1658487165417603.0
1658487165418103.0
1658487165418603.0
1658487165419103.0
1658487165419603.0
1658487165420103.0
1658487165420603.0
1658487165421103.0
1658487165421603.0
1658487165422103.0
1658487165422603.0
1658487165423103.0
1658487165423603.0
1658487165424103.0
1658487165424603.0
1658487165425103.0
1658487165425603.0
1658487165426103.0
1658487165426603.0
1658487165427103.0
1658487165427603.0
1658487165428103.0
1658487165428603.0
1658487165429103.0
1658487165429603.0
1658487165430103.0
1658487165430603.0
1658487165431103.0
1658487165431603.0
1658487165432103.0
1658487165432603.0
1658487165433103.0
1658487165433603.0
1658487165434103.0
1658487165434603.0
1658487165435103.0
1658487165435603.0
1658487165436103.0
1658487165436603.0
1658487165437103.0
1658487165437603.0
1658487165438103.0
1658487165438603.0
1658487165439103.0
1658487165439603.0
1658487165440103.0
1658487165440603.0
1658487165441103.0
1658487165441603.0
1658487165442103.0
1658487165442603.0
1658487165443103.0
1658487165443603.0
1658487165444103.0
1658487165444603.0
1658487165445103.0
1658487165445603.0
1658487165446103.0
1658487165446603.0
1658487165447103.0
1658487165447603.0
1658487165448103.0
1658487165448603.0
1658487165449103.0
1658487165449603.0
1658487165450103.0
1658487165450603.0
1658487165451103.0
1658487165451603.0
1658487165452103.0
1658487165452603.0
1658487165453103.0
1658487165453603.0
1658487165454103.0
1658487165454603.0
1658487165455103.0
1658487165455603.0
1658487165456103.0
1658487165456603.0
1658487165457103.0
1658487165457603.0
1658487165458103.0
1658487165458603.0
1658487165459103.0
1658487165459603.0
1658487165460103.0
1658487165460603.0
1658487165461103.0
1658487165461603.0
1658487165462103.0
1658487165462603.0
1658487165463103.0
1658487165463603.0
1658487165464103.0
1658487165464603.0
1658487165465103.0
1658487165465603.0
1658487165466103.0
1658487165466603.0
1658487165467103.0
1658487165467603.0
1658487165468103.0
1658487165468603.0
1658487165469103.0
1658487165469603.0
1658487165470103.0
1658487165470603.0
1658487165471103.0
1658487165471603.0
1658487165472103.0
1658487165472603.0
1658487165473103.0
1658487165473603.0
1658487165474103.0
1658487165474603.0
1658487165475103.0
1658487165475603.0
1658487165476103.0
1658487165476603.0
1658487165477103.0
1658487165477603.0
1658487165478103.0
1658487165478603.0
1658487165479103.0
1658487165479603.0
1658487165480103.0
1658487165480603.0
1658487165481103.0
1658487165481603.0
1658487165482103.0
1658487165482603.0
1658487165483103.0
1658487165483603.0
1658487165484103.0
1658487165484603.0
1658487165485103.0
1658487165485603.0
1658487165486103.0
1658487165486603.0
1658487165487103.0
1658487165487603.0
1658487165488103.0
1658487165488603.0
1658487165489103.0
1658487165489603.0
1658487165490103.0
1658487165490603.0
1658487165491103.0
1658487165491603.0
1658487165492103.0
1658487165492603.0
1658487165493103.0
1658487165493603.0
1658487165494103.0
1658487165494603.0
1658487165495103.0
1658487165495603.0
1658487165496103.0
1658487165496603.0
1658487165497103.0
1658487165497603.0
1658487165498103.0
1658487165498603.0
1658487165499103.0
1658487165499603.0
1658487165500103.0
1658487165500603.0
1658487165501103.0
1658487165501603.0
1658487165502103.0
1658487165502603.0
1658487165503103.0
1658487165503603.0
1658487165504103.0
1658487165504603.0
1658487165505103.0
1658487165505603.0
1658487165506103.0
1658487165506603.0
1658487165507103.0
1658487165507603.0
1658487165508103.0
1658487165508603.0
1658487165509103.0
1658487165509603.0
1658487165510103.0
1658487165510603.0
1658487165511103.0
1658487165511603.0
1658487165512103.0
1658487165512603.0
1658487165513103.0
1658487165513603.0
1658487165514103.0
1658487165514603.0
1658487165515103.0
1658487165515603.0
1658487165516103.0
1658487165516603.0
1658487165517103.0
1658487165517603.0
1658487165518103.0
1658487165518603.0
1658487165519103.0
1658487165519603.0
1658487165520103.0
1658487165520603.0
1658487165521103.0
1658487165521603.0
1658487165522103.0
1658487165522603.0
1658487165523103.0
1658487165523603.0
1658487165524103.0
1658487165524603.0
1658487165525103.0
1658487165525603.0
1658487165526103.0
1658487165526603.0
1658487165527103.0
1658487165527603.0
1658487165528103.0
1658487165528603.0
1658487165529103.0
1658487165529603.0
1658487165530103.0
1658487165530603.0
1658487165531103.0
1658487165531603.0
1658487165532103.0
1658487165532603.0
1658487165533103.0
1658487165533603.0
1658487165534103.0
1658487165534603.0
1658487165535103.0
1658487165535603.0
1658487165536103.0
1658487165536603.0
1658487165537103.0
1658487165537603.0
1658487165538103.0
1658487165538603.0
1658487165539103.0
1658487165539603.0
1658487165540103.0
1658487165540603.0
1658487165541103.0
1658487165541603.0
1658487165542103.0
1658487165542603.0
1658487165543103.0
1658487165543603.0
1658487165544103.0
1658487165544603.0
1658487165545103.0
1658487165545603.0
1658487165546103.0
1658487165546603.0
1658487165547103.0
1658487165547603.0
1658487165548103.0
1658487165548603.0
1658487165549103.0
1658487165549603.0
1658487165550103.0
1658487165550603.0
1658487165551103.0
1658487165551603.0
1658487165552103.0
1658487165552603.0
1658487165553103.0
1658487165553603.0
1658487165554103.0
1658487165554603.0
1658487165555103.0
1658487165555603.0
1658487165556103.0
1658487165556603.0
1658487165557103.0
1658487165557603.0
1658487165558103.0
1658487165558603.0
1658487165559103.0
1658487165559603.0
1658487165560103.0
1658487165560603.0
1658487165561103.0
1658487165561603.0
1658487165562103.0
1658487165562603.0
1658487165563103.0
1658487165563603.0
1658487165564103.0
1658487165564603.0
1658487165565103.0
1658487165565603.0
1658487165566103.0
1658487165566603.0
1658487165567103.0
1658487165567603.0
1658487165568103.0
1658487165568603.0
1658487165569103.0
1658487165569603.0
1658487165570103.0
1658487165570603.0
1658487165571103.0
1658487165571603.0
1658487165572103.0
1658487165572603.0
1658487165573103.0
1658487165573603.0
1658487165574103.0
1658487165574603.0
1658487165575103.0
1658487165575603.0
1658487165576103.0
1658487165576603.0
1658487165577103.0
1658487165577603.0
1658487165578103.0
1658487165578603.0
1658487165579103.0
1658487165579603.0
1658487165580103.0
1658487165580603.0
1658487165581103.0
1658487165581603.0
1658487165582103.0
1658487165582603.0
1658487165583103.0
1658487165583603.0
1658487165584103.0
1658487165584603.0
1658487165585103.0
1658487165585603.0
1658487165586103.0
1658487165586603.0
1658487165587103.0
1658487165587603.0
1658487165588103.0
1658487165588603.0
1658487165589103.0
1658487165589603.0
1658487165590103.0
1658487165590603.0
1658487165591103.0
1658487165591603.0
1658487165592103.0
1658487165592603.0
1658487165593103.0
1658487165593603.0
1658487165594103.0
1658487165594603.0
1658487165595103.0
1658487165595603.0
1658487165596103.0
1658487165596603.0
1658487165597103.0
1658487165597603.0
1658487165598103.0
1658487165598603.0
1658487165599103.0
1658487165599603.0
1658487165600103.0
1658487165600603.0
1658487165601103.0
1658487165601603.0
1658487165602103.0
1658487165602603.0
1658487165603103.0
1658487165603603.0
1658487165604103.0
1658487165604603.0
1658487165605103.0
1658487165605603.0
1658487165606103.0
1658487165606603.0
1658487165607103.0
1658487165607603.0
1658487165608103.0
1658487165608603.0
1658487165609103.0
1658487165609603.0
1658487165610103.0
1658487165610603.0
1658487165611103.0
1658487165611603.0
1658487165612103.0
1658487165612603.0
1658487165613103.0
1658487165613603.0
1658487165614103.0
1658487165614603.0
1658487165615103.0
1658487165615603.0
1658487165616103.0
1658487165616603.0
1658487165617103.0
1658487165617603.0
1658487165618103.0
1658487165618603.0
1658487165619103.0
1658487165619603.0
1658487165620103.0
1658487165620603.0
1658487165621103.0
1658487165621603.0
1658487165622103.0
1658487165622603.0
1658487165623103.0
1658487165623603.0
1658487165624103.0
1658487165624603.0
1658487165625103.0
1658487165625603.0
1658487165626103.0
1658487165626603.0
1658487165627103.0
1658487165627603.0
1658487165628103.0
1658487165628603.0
1658487165629103.0
1658487165629603.0
1658487165630103.0
1658487165630603.0
1658487165631103.0
1658487165631603.0
1658487165632103.0
1658487165632603.0
1658487165633103.0
1658487165633603.0
1658487165634103.0
1658487165634603.0
1658487165635103.0
1658487165635603.0
1658487165636103.0
1658487165636603.0
1658487165637103.0
1658487165637603.0
1658487165638103.0
1658487165638603.0
1658487165639103.0
1658487165639603.0
1658487165640103.0
1658487165640603.0
1658487165641103.0
1658487165641603.0
1658487165642103.0
1658487165642603.0
1658487165643103.0
1658487165643603.0
1658487165644103.0
1658487165644603.0
1658487165645103.0
1658487165645603.0
1658487165646103.0
1658487165646603.0
1658487165647103.0
1658487165647603.0
1658487165648103.0
1658487165648603.0
1658487165649103.0
1658487165649603.0
1658487165650103.0
1658487165650603.0
1658487165651103.0
1658487165651603.0
1658487165652103.0
1658487165652603.0
1658487165653103.0
1658487165653603.0
1658487165654103.0
1658487165654603.0
1658487165655103.0
1658487165655603.0
1658487165656103.0
1658487165656603.0
1658487165657103.0
1658487165657603.0
1658487165658103.0
1658487165658603.0
1658487165659103.0
1658487165659603.0
1658487165660103.0
1658487165660603.0
1658487165661103.0
1658487165661603.0
1658487165662103.0
1658487165662603.0
1658487165663103.0
1658487165663603.0
1658487165664103.0
1658487165664603.0
1658487165665103.0
1658487165665603.0
1658487165666103.0
1658487165666603.0
1658487165667103.2
1658487165667603.2
1658487165668103.2
1658487165668603.2
1658487165669103.2
1658487165669603.2
1658487165670103.2
1658487165670603.2
1658487165671103.2
1658487165671603.2
1658487165672103.2
1658487165672603.2
1658487165673103.2
1658487165673603.2
1658487165674103.2
1658487165674603.2
1658487165675103.2
1658487165675603.2
1658487165676103.2
1658487165676603.5
1658487165677103.5
1658487165677603.5
1658487165678103.5
1658487165678603.5
1658487165679103.5
1658487165679603.5
1658487165680103.5
1658487165680603.5
1658487165681103.5
1658487165681603.5
1658487165682103.5
1658487165682603.5
1658487165683103.5
1658487165683603.5
1658487165684103.5
1658487165684603.5
1658487165685103.5
1658487165685603.5
1658487165686103.5
1658487165686603.5
1658487165687103.8
1658487165687603.8
1658487165688103.8
1658487165688603.8
1658487165689103.8
1658487165689603.8
1658487165690103.8
1658487165690603.8
1658487165691103.8
1658487165691603.8
1658487165692103.8
1658487165692603.8
1658487165693103.8
1658487165693603.8
1658487165694103.8
1658487165694603.8
1658487165695103.8
1658487165695603.8
1658487165696103.8
1658487165696604.0
1658487165697104.0
1658487165697604.0
1658487165698104.0
1658487165698604.0
1658487165699104.0
1658487165699604.0
1658487165700104.0
1658487165700604.0
1658487165701104.0
1658487165701604.0
1658487165702104.0
1658487165702604.0
1658487165703104.0
1658487165703604.0
1658487165704104.0
1658487165704604.0
1658487165705104.0
1658487165705604.0
1658487165706104.0
1658487165706604.0
1658487165707104.0
1658487165707604.0
1658487165708104.0
1658487165708604.0
1658487165709104.0
1658487165709604.0
1658487165710104.0
1658487165710604.0
1658487165711104.0
1658487165711604.0
1658487165712104.0
1658487165712604.0
1658487165713104.0
1658487165713604.0
1658487165714104.0
1658487165714604.0
1658487165715104.0
1658487165715604.0
1658487165716104.0
1658487165716604.0
1658487165717104.0
1658487165717604.0
1658487165718104.0
1658487165718604.0
1658487165719104.0
1658487165719604.0
1658487165720104.0
1658487165720604.0
1658487165721104.0
1658487165721604.0
1658487165722104.0
1658487165722604.0
1658487165723104.0
1658487165723604.0
1658487165724104.0
1658487165724604.0
1658487165725104.0
1658487165725604.0
1658487165726104.0
1658487165726604.0
1658487165727104.0
1658487165727604.0
1658487165728104.0
1658487165728604.0
1658487165729104.0
1658487165729604.0
1658487165730104.0
1658487165730604.0
1658487165731104.0
1658487165731604.0
1658487165732104.0
1658487165732604.0
1658487165733104.0
1658487165733604.0
1658487165734104.0
1658487165734604.0
1658487165735104.0
1658487165735604.0
1658487165736104.0
1658487165736604.0
1658487165737104.0
1658487165737604.0
1658487165738104.0
1658487165738604.0
1658487165739104.0
1658487165739604.0
1658487165740104.0
1658487165740604.0
1658487165741104.0
1658487165741604.0
1658487165742104.0
1658487165742604.0
1658487165743104.0
1658487165743604.0
1658487165744104.0
1658487165744604.0
1658487165745104.0
1658487165745604.0
1658487165746104.0
1658487165746604.0
1658487165747104.0
1658487165747604.0
1658487165748104.0
1658487165748604.0
1658487165749104.0
1658487165749604.0
1658487165750104.0
1658487165750604.0
1658487165751104.0
1658487165751604.0
1658487165752104.0
1658487165752604.0
1658487165753104.0
1658487165753604.0
1658487165754104.0
1658487165754604.0
1658487165755104.0
1658487165755604.0
1658487165756104.0
1658487165756604.0
1658487165757104.0
1658487165757604.0
1658487165758104.0
1658487165758604.0
1658487165759104.0
1658487165759604.0
1658487165760104.0
1658487165760604.0
1658487165761104.0
1658487165761604.0
1658487165762104.0
1658487165762604.0
1658487165763104.0
1658487165763604.0
1658487165764104.0
1658487165764604.0
1658487165765104.0
1658487165765604.0
1658487165766104.0
1658487165766604.0
1658487165767104.0
1658487165767604.0
1658487165768104.0
1658487165768604.0
1658487165769104.0
1658487165769604.0
1658487165770104.0
1658487165770604.0
1658487165771104.0
1658487165771604.0
1658487165772104.0
1658487165772604.0
1658487165773104.0
1658487165773604.0
1658487165774104.0
1658487165774604.0
1658487165775104.0
1658487165775604.0
1658487165776104.0
1658487165776604.0
1658487165777104.0
1658487165777604.0
1658487165778104.0
1658487165778604.0
1658487165779104.0
1658487165779604.0
1658487165780104.0
1658487165780604.0
1658487165781104.0
1658487165781604.0
1658487165782104.0
1658487165782604.0
1658487165783104.0
1658487165783604.0
1658487165784104.0
1658487165784604.0
1658487165785104.0
1658487165785604.0
1658487165786104.0
1658487165786604.0
1658487165787104.0
1658487165787604.0
1658487165788104.0
1658487165788604.0
1658487165789104.0
1658487165789604.0
1658487165790104.0
1658487165790604.0
1658487165791104.0
1658487165791604.0
1658487165792104.0
1658487165792604.0
1658487165793104.0
1658487165793604.0
1658487165794104.0
1658487165794604.0
1658487165795104.0
1658487165795604.0
1658487165796104.0
1658487165796604.0
1658487165797104.0
1658487165797604.0
1658487165798104.0
1658487165798604.0
1658487165799104.0
1658487165799604.0
1658487165800104.0
1658487165800604.0
1658487165801104.0
1658487165801604.0
1658487165802104.0
1658487165802604.0
1658487165803104.0
1658487165803604.0
1658487165804104.0
1658487165804604.0
1658487165805104.0
1658487165805604.0
1658487165806104.0
1658487165806604.0
1658487165807104.0
1658487165807604.0
1658487165808104.0
1658487165808604.0
1658487165809104.0
1658487165809604.0
1658487165810104.0
1658487165810604.0
1658487165811104.0
1658487165811604.0
1658487165812104.0
1658487165812604.0
1658487165813104.0
1658487165813604.0
1658487165814104.0
1658487165814604.0
1658487165815104.0
1658487165815604.0
1658487165816104.0
1658487165816604.0
1658487165817104.0
1658487165817604.0
1658487165818104.0
1658487165818604.0
1658487165819104.0
1658487165819604.0
1658487165820104.0
1658487165820604.0
1658487165821104.0
1658487165821604.0